0.0
0.024792076110499828
0.049169215629452534
0.07313730695485265
0.09670215761075918
0.11986949534998059
0.14264496924175418
0.1650341507446167
0.1870425347646738
0.20867554069946248
0.2299385134676024
0.25083672452443473
0.27137537286383484
0.29155958600638643
0.31139442097410597
0.33088486525189786
0.3500358377359172
0.3688521896690333
0.3873387055635491
0.4055001041113615
0.4233410390817378
0.4408661002068608
0.4580798140553273
0.47498664489375253
0.491590995536642
0.5078972081846997
0.523909565251719
0.5396322901802193
0.5550695482459762
0.570225447351604
0.5851040388093276
0.5997093181131048
0.6140452257002298
0.6281156477025738
0.6419244166875979
0.6554753123892698
0.6687720624290407
0.6818183430270002
0.6946177797033461
0.7071739479703123
0.7194903740146683
0.7315705353709314
0.7434178615854108
0.7550357348712113
0.766427490754318
0.777596418710887
0.7885457627958545
0.7992787222629936
0.8097984521765198
0.8201080640143785
0.8302106262633113
0.8401091650058214
0.8498066644991493
0.8593060677463613
0.868610277059666
0.8777221546160563
0.8866445230053877
0.8953801657709926
0.9039318279429343
0.9123022165639991
0.920494001208525
0.9285098144941659
0.9363522525866881
0.9440238756978914
0.9515272085767487
0.9588647409938613
0.9660389282193108
0.9730521914940103
0.9799069184946316
0.9866054637922036
0.9931501493044622
0.9995432647420457
1.005787068048606
1.0118837858349328
1.01783561380716
1.0236447171891452
1.029313231139092
1.0348432611605003
1.0402368835075224
1.0454961455847909
1.0506230663418106
1.055619636661969
1.0604878197462555
1.065229551491751
1.0698467408649635
1.0743412702700765
1.0787149959121838
1.0829697481555765
1.0871073318771476
1.0911295268149859
1.0950380879122172
1.0988347456561671
1.1025212064128984
1.1060991527571946
1.10957024379805
1.1129361154997182
1.116198380998397
1.119358630914593
1.1224184336612297
1.125379335747564
1.128242862078958
1.131010516252565
1.1336837808489943
1.1362641177199948
1.138752968272223
1.1411517537471447
1.1434618754971215
1.1456847152577376
1.147821635416414
1.1498739792773653
1.1518430713229437
1.1537302174714248
1.1555367053312777
1.1572638044519723
1.158912766571369
1.160484825859738
1.161981199160451
1.1634030862273934
1.1647516699591454
1.1660281166299653
1.1672335761176305
1.1683691821281694
1.1694360524175351
1.170435289010252
1.171367978415089
1.1722351918377885
1.1730379853908965
1.1737774003007382
1.1744544631115645
1.1750701858869215
1.1756255664082733
1.1761215883709188
1.176559221577236
1.1769394221272933
1.1772631326068628
1.17753128227287
1.1777447872363165
1.1779045506427075
1.1780114628500198
1.178066401604246
1.1780702322125427
1.1780238077140186
1.1779279690481963
1.177783545221173
1.1775913534695215
1.1773521994219505
1.1770668772587656
1.1767361698691519
1.1763608490063162
1.17594167544051
1.175479399109968
1.1749747592697855
1.1744284846387716
1.1738412935442926
1.1732138940651442
1.172546984172476
1.1718412518687893
1.1710973753250444
1.1703160230158955
1.16949785385308
1.1686435173169931
1.167753653586459
1.1668288936667424
1.165869859515806
1.164877164168849
1.163851411861146
1.1627931981492117
1.1617031100303084
1.1605817260603284
1.1594296164700646
1.1582473432798954
1.1570354604129063
1.1557945138064654
1.1545250415222796
1.1532275738549462
1.1519026334390259
1.150550735354651
1.1491723872316975
1.1477680893525302
1.1463383347533502
1.1448836093241557
1.143404391907341
1.1419011543949484
1.140374361824592
1.1388244724740757
1.1372519379547146
1.1356572033033856
1.1340407070733225
1.132402881423668
1.1307441522078059
1.129064939060486
1.1273656554837612
1.125646708931749
1.1239085008942362
1.122151426979144
1.1203758769938643
1.1185822350254866
1.1167708795199303
1.114942183359993
1.1130965139423383
1.1112342332534249
1.1093556979444064
1.1074612594050013
1.1055512638363592
1.103626052322927
1.101685960903338
1.0997313206403287
1.0977624576897023
1.0957796933683495
1.0937833442213405
1.0917737220880994
1.0897511341676744
1.0877158830831177
1.0856682669449822
1.083608579413955
1.0815371097626307
1.079454142936442
1.0773599596137602
1.075254836265167
1.0731390452119256
1.0710128546836442
1.0688765288751556
1.0667303280026188
1.0645745083588514
1.0624093223679074
1.0602350186389085
1.0580518420191387
1.0558600336464135
1.0536598310007312
1.0514514679552198
1.0492351748263864
1.0470111784236784
1.0447797020983687
1.0425409657917697
1.040295186082788
1.0380425762348329
1.0357833462420751
1.03351770287508
1.0312458497258123
1.0289679872520252
1.026684312821044
1.0243950207529482
1.0221003023631632
1.019800346004471
1.017495337108441
1.0151854582263005
1.012870889069238
1.0105518065481618
1.0082283848129079
1.005900795290916
1.0035692067253732
1.0012337852128346
0.9988946942403323
0.9965520947219713
0.9942061450350272
0.9918570010555503
0.9895048161934764
0.9871497414272643
0.984791925338052
0.9824315141433482
0.9800686517302624
0.9777034796882763
0.9753361373415704
0.9729667617809037
0.9705954878950587
0.968222448401854
0.965847773878732
0.9634715927929282
0.9610940315312244
0.9587152144292966
0.9563352638006581
0.9539542999652073
0.9515724412773817
0.9491898041539285
0.9468065031012919
0.9444226507426254
0.942038357844433
0.9396537333428454
0.9372688843695355
0.934883916277277
0.9324989326651537
0.9301140354034213
0.9277293246580287
0.9253448989148028
0.9229608550032994
0.920577288120329
0.9181942918531569
0.9158119582023869
0.9134303776045289
0.9110496389542567
0.9086698296263611
0.9062910354973991
0.9039133409670482
0.9015368289791643
0.8991615810425523
0.8967876772514506
0.8944151963057323
0.8920442155308311
0.8896748108973915
0.8873070570406484
0.8849410272795417
0.8825767936355661
0.8802144268513626
0.8778539964090541
0.8754955705483276
0.8731392162842688
0.87078499942495
0.8684329845887768
0.8660832352215954
0.8637358136135636
0.8613907809157912
0.8590481971567488
0.8567081212584531
0.8543706110524265
0.8520357232954379
0.8497035136850286
0.8473740368748194
0.8450473464896114
0.8427234951402757
0.8404025344384386
0.838084515010964
0.8357694865142368
0.8334574976482476
0.8311485961704846
0.8288428289096337
0.8265402417790867
0.8242408797902674
0.8219447870657712
0.8196520068523214
0.8173625815335513
0.8150765526426048
0.8127939608745658
0.8105148460987156
0.8082392473706194
0.8059672029440469
0.8036987502827279
0.8014339260719444
0.7991727662299649
0.7969153059193161
0.7946615795579037
0.7924116208299747
0.7901654626969317
0.7879231374079949
0.7856846765107175
0.7834501108613557
0.7812194706350937
0.7789927853361285
0.7767700838076155
0.7745513942414726
0.7723367441880536
0.7701261605656824
0.7679196696700594
0.7657172971835335
0.7635190681842483
0.76132500715516
0.7591351379929304
0.7569494840166964
0.7547680679767177
0.7525909120629046
0.7504180379132274
0.7482494666220072
0.7460852187480947
0.7439253143229326
0.7417697728585068
0.739618613355187
0.7374718543094577
0.7353295137215433
0.7331916091029245
0.7310581574837516
0.7289291754201555
0.7268046790014534
0.7246846838572581
0.722569205164487
0.72045825765427
0.7183518556187669
0.716250012917885
0.714152742985905
0.7120600588380145
0.7099719730767493
0.7078884978983455
0.7058096450990027
0.7037354260810599
0.7016658518590843
0.6996009330658761
0.6975406799583881
0.695485102423564
0.6934342099840929
0.6913880118040857
0.6893465166946702
0.6873097331195085
0.6852776692002369
0.6832503327218297
0.6812277311378883
0.6792098715758546
0.6771967608421531
0.6751884054272604
0.6731848115107013
0.6711859849659785
0.6691919313654299
0.6672026559850198
0.6652181638090614
0.6632384595348723
0.661263547577367
0.6592934320735828
0.657328116887142
0.6553676056126522
0.6534119015800433
0.6514610078588456
0.6495149272624048
0.6475736623520395
0.6456372154411394
0.6437055885992053
0.6417787836558333
0.6398568022046408
0.6379396456071388
0.6360273149965483
0.6341198112815631
0.6322171351500598
0.6303192870727541
0.6284262673068067
0.6265380758993772
0.6246547126911275
0.6227761773196769
0.6209024692230057
0.6190335876428132
0.6171695316278263
0.6153103000370609
0.6134558915430385
0.6116063046349556
0.6097615376218087
0.6079215886354747
0.6060864556337466
0.6042561364033276
0.6024306285627817
0.6006099295654406
0.5987940367022723
0.5969829471047058
0.595176657747418
0.5933751654510776
0.5915784668850537
0.5897865585700816
0.5879994368808933
0.5862170980488091
0.5844395381642926
0.5826667531794684
0.5808987389106041
0.5791354910405562
0.577377005121182
0.5756232765757154
0.5738743007011092
0.5721300726703439
0.5703905875347025
0.5686558402260133
0.5669258255588602
0.5652005382327603
0.5634799728343114
0.5617641238393067
0.5600529856148212
0.5583465524212656
0.5566448184144122
0.5549477776473899
0.5532554240726519
0.551567751543914
0.5498847538180642
0.5482064245570456
0.5465327573297115
0.5448637456136524
0.5431993827969994
0.5415396621801978
0.5398845769777565
0.5382341203199725
0.5365882852546285
0.5349470647486674
0.5333104516898406
0.531678438888334
0.5300510190783689
0.5284281849197789
0.5268099289995657
0.5251962438334298
0.5235871218672804
0.5219825554787221
0.5203825369785194
0.5187870586120407
0.5171961125606805
0.5156096909432604
0.514027785817409
0.5124503891809222
0.5108774929731034
0.5093090890760821
0.507745169316116
0.5061857254648707
0.504630749240682
0.5030802323097988
0.5015341662876084
0.49999254273984167
0.4984553531837626
0.49692258908933784
0.4953942418803904
0.4938703029357346
0.4923507635902955
0.4908356151362105
0.48932484882391425
0.4878184558632083
0.48631642742431336
0.4848187546389066
0.4833254286011428
0.4818364403686599
0.4803517809635703
0.4788714413734357
0.47739541255222817
0.4759236854212766
0.4744562508701978
0.4729930997578144
0.47153422291305863
0.4700796111358615
0.46862925519802945
0.4671831458441064
0.46574127379222396
0.4643036297349372
0.4628702043400484
0.46144098825141794
0.4600159720897623
0.45859514645344035
0.4571785019192271
0.45576602904307545
0.45435771836086597
0.45295356038914536
0.4515535456258534
0.45015766455103806
0.4487659076275603
0.4473782653017866
0.44599472800427187
0.444615286150431
0.44323993014120017
0.4418686503636868
0.440501437191811
0.4391382809869348
0.43777917209848316
0.43642410086455424
0.43507305761251985
0.4337260326596171
0.43238301631352966
0.43104399887296024
0.4297089706281944
0.42837792186165385
0.4270508428484426
0.4257277238568827
0.42440855514904263
0.4230933269812565
0.4217820296046344
0.4204746532655658
0.41917118820621296
0.4178716246649981
0.41657595287708105
0.4152841630748303
0.41399624548828523
0.4127121903456115
0.4114319878735488
0.4101556282978506
0.4088831018437177
0.4076143987362232
0.40634950920073126
0.4050884234633092
0.4038311317511317
0.40257762429287874
0.4013278913191269
0.4000819230627335
0.39883970975921545
0.3976012416471202
0.3963665089683912
0.39513550196872715
0.3939082108979343
0.3926846260102742
0.39146473756480366
0.3902485358257103
0.3890360110626414
0.3878271535510273
0.3866219535723993
0.3854204014147018
0.384222487372599
0.3830282017477765
0.3818375348492365
0.3806504769935894
0.37946701850533887
0.37828714971716254
0.37711086097018726
0.3759381426142595
0.3747689850082111
0.3736033785201198
0.37244131352756565
0.371282780417882
0.37012776958840216
0.36897627144670186
0.36782827641083693
0.3666837749095761
0.36554275738263065
0.3644052142808784
0.3632711360665847
0.36214051321361806
0.3610133362076631
0.35988959554642797
0.35876928173984834
0.3576523853102884
0.35653889679273654
0.3554288067349981
0.35432210569788386
0.35321878425539543
0.3521188329949062
0.35102224251733966
0.34992900343734323
0.34883910638345933
0.3477525419982919
0.34666930093867165
0.34558937387581545
0.3445127514954842
0.3434394244981368
0.3423693835990805
0.34130261952861946
0.3402391230321984
0.3391788848705452
0.33812189581980817
0.33706814667169244
0.3360176282335922
0.33497033132872084
0.3339262467962374
0.3328853654913709
0.3318476782855412
0.33081317606647853
0.3297818497383388
0.32875369022181694
0.3277286884542579
0.3267068353897642
0.3256881219993026
0.324672539270806
0.3236600782092755
0.3226507298368774
0.3216444851930399
0.32064133533454675
0.3196412713356279
0.31864428428804953
0.3176503653011996
0.31665950550217337
0.31567169603585576
0.31468692806500115
0.31370519277031167
0.312726481350514
0.31175078502243253
0.31077809502106213
0.3098084025996376
0.30884169902970243
0.30787797560117486
0.3069172236224117
0.3059594344202719
0.30500459934017604
0.3040527097461656
0.30310375702096076
0.30215773256601436
0.30121462780156677
0.3002744341666968
0.2993371431193727
0.29840274613650036
0.29747123471397013
0.2965426003667029
0.29561683462869315
0.29469392905305125
0.2937738752120452
0.29285666469713834
0.29194228911902864
0.291030740107684
0.2901220093123773
0.2892160884017207
0.2883129690636964
0.2874126430056889
0.28651510195451324
0.28562033765644307
0.28472834187723883
0.28383910640217147
0.28295262303604823
0.28206888360323457
0.28118787994767636
0.2803096039329209
0.2794340474421357
0.2785612023781271
0.2776910606633573
0.27682361423996016
0.275958855069757
0.27509677513426883
0.2742373664347309
0.2733806209921027
0.2725265308470798
0.27167508806010315
0.2708262847113674
0.2699801129008289
0.2691365647482124
0.2682956323930162
0.26745730799451806
0.26662158373177763
0.2657884518036408
0.2649579044287407
0.2641299338454993
0.2633045323121282
0.2624816921066269
0.2616614055267829
0.2608436648901683
0.26002846253413747
0.2592157908158232
0.25840564211213185
0.2575980088197385
0.2567928833550803
0.2559902581543501
0.2551901256734888
0.25439247838817675
0.2535973087938255
0.2528046094055675
0.25201437275824573
0.25122659140640335
0.25044125792427135
0.24965836490575674
0.24887790496442927
0.24809987073350792
0.2473242548658471
0.24655105003392128
0.24578024892981026
0.2450118442651827
0.2442458287712798
0.2434821951988986
0.2427209363183736
0.24196204491955953
0.24120551381181185
0.24045133582396785
0.23969950380432745
0.2389500106206319
0.23820284916004425
0.23745801232912742
0.2367154930538226
0.23597528427942768
0.23523737897057387
0.23450177011120352
0.23376845070454585
0.23303741377309348
0.2323086523585786
0.23158215952194702
0.23085792834333443
0.2301359519220397
0.22941622337649964
0.22869873584426265
0.22798348248196162
0.22727045646528762
0.22655965098896166
0.22585105926670737
0.2251446745312231
0.22444049003415298
0.22373849904605866
0.22303869485638966
0.22234107077345433
0.2216456201243902
0.22095233625513355
0.2202612125303894
0.2195722423336008
0.21888541906691758
0.21820073615116595
0.21751818702581607
0.21683776514895117
0.21615946399723476
0.21548327706587894
0.21480919786861175
0.21413721993764417
0.21346733682363758
0.2127995420956698
0.21213382934120265
0.21147019216604718
0.2108086241943304
0.21014911906846126
0.2094916704490957
0.20883627201510277
0.20818291746352946
0.20753160050956587
0.20688231488651038
0.20623505434573378
0.2055898126566444
0.20494658360665194
0.2043053610011318
0.2036661386633894
0.20302891043462343
0.20239367017389007
0.2017604117580661
0.2011291290818125
0.20049981605753775
0.1998724666153605
0.19924707470307318
0.19862363428610416
0.19800213934748062
0.19738258388779154
0.19676496192514942
0.19614926749515324
0.19553549465085018
0.1949236374626978
0.1943136900185264
0.19370564642350033
0.19309950080008018
0.19249524728798414
0.1918928800441498
0.1912923932426956
0.19069378107488183
0.1900970377490729
0.18950215749069746
0.18890913454221
0.1883179631630523
0.1877286376296137
0.18714115223519265
0.18655550128995715
0.18597167912090562
0.18538968007182796
0.18480949850326564
0.18423112879247294
0.1836545653333769
0.18307980253653822
0.1825068348291117
0.18193565665480632
0.18136626247384613
0.1807986467629301
0.18023280401519245
0.17966872874016337
0.17910641546372855
0.17854585872808992
0.17798705309172547
0.17742999312934932
0.17687467343187224
0.1763210886063612
0.1757692332759999
0.17521910208004826
0.17467068967380278
0.17412399072855675
0.17357899993155962
0.1730357119859775
0.1724941216108528
0.17195422354106432
0.1714160125272874
0.17087948333595318
0.17034463074920952
0.16981144956488012
0.1692799345964246
0.168750080672899
0.16822188263891497
0.16769533535460027
0.16717043369555848
0.16664717255282888
0.1661255468328468
0.16560555145740316
0.16508718136360487
0.1645704315038345
0.16405529684571044
0.16354177237204734
0.1630298530808154
0.16251953398510133
0.16201081011306764
0.16150367650791342
0.1609981282278343
0.16049416034598232
0.15999176795042686
0.1594909461441141
0.15899169004482774
0.15849399478514942
0.15799785551241857
0.15750326738869339
0.1570102255907108
0.15651872530984673
0.15602876175207744
0.15554033013793916
0.15505342570248912
0.15456804369526592
0.15408417938025018
0.1536018280358256
0.153120984954739
0.15264164544406175
0.15216380482515024
0.15168745843360654
0.1512126016192399
0.15073922974602708
0.15026733819207388
0.1497969223495757
0.14932797762477878
0.14886049943794183
0.1483944832232964
0.14792992442900887
0.1474668185171413
0.14700516096361288
0.14654494725816153
0.14608617290430517
0.14562883341930338
0.14517292433411888
0.14471844119337904
0.14426537955533802
0.14381373499183808
0.1433635030882717
0.14291467944354314
0.14246725967003065
0.1420212393935485
0.14157661425330867
0.14113337990188343
0.1406915320051673
0.1402510662423391
0.13981197830582484
0.1393742639012594
0.13893791874744962
0.1385029385763363
0.13806931913295692
0.13763705617540864
0.13720614547481036
0.13677658281526625
0.13634836399382783
0.1359214848204574
0.13549594111799096
0.13507172872210108
0.1346488434812602
0.1342272812567036
0.13380703792239299
0.1333881093649796
0.13297049148376755
0.1325541801906777
0.1321391714102106
0.1317254610794107
0.13131304514782965
0.13090191957749034
0.13049208034285048
0.13008352343076676
0.12967624484045862
0.12927024058347258
0.128865506683646
0.1284620391770719
0.12805983411206243
0.12765888754911386
0.12725919556087104
0.12686075423209137
0.12646355965961
0.12606760795230418
0.12567289523105793
0.12527941762872719
0.12488717129010443
0.1244961523718838
0.12410635704262603
0.12371778148272362
0.12333042188436633
0.1229442744515059
0.122559335399822
0.1221756009566873
0.121793067361133
0.12141173086381485
0.12103158772697824
0.12065263422442446
0.12027486664147621
0.11989828127494363
0.1195228744330905
0.11914864243559987
0.11877558161354076
0.11840368830933394
0.11803295887671846
0.11766338968071811
0.11729497709760774
0.11692771751487996
0.11656160733121165
0.11619664295643074
0.11583282081148315
0.11547013732839935
0.11510858895026173
0.11474817213117118
0.11438888333621464
0.11403071904143211
0.11367367573378384
0.11331774991111795
0.11296293808213766
0.1126092367663688
0.11225664249412776
0.1119051518064886
0.11155476125525154
0.11120546740291007
0.1108572668226194
0.11051015609816436
0.11016413182392733
0.10981919060485666
0.10947532905643471
0.10913254380464626
0.1087908314859471
0.1084501887472322
0.10811061224580465
0.10777209864934399
0.10743464463587522
0.10709824689373751
0.106762902121553
0.10642860702819612
0.10609535833276226
0.1057631527645371
0.10543198706296597
0.10510185797762293
0.10477276226818032
0.10444469670437807
0.10411765806599346
0.10379164314281066
0.10346664873459034
0.1031426716510397
0.10281970871178209
0.10249775674632707
0.10217681259404057
0.10185687310411479
0.1015379351355386
0.10121999555706765
0.10090305124719474
0.10058709909412049
0.10027213599572346
0.09995815885953116
0.09964516460269043
0.09933315015193829
0.09902211244357285
0.09871204842342407
0.09840295504682499
0.09809482927858247
0.09778766809294866
0.09748146847359213
0.09717622741356899
0.09687194191529469
0.096568608990515
0.09626622566027797
0.09596478895490536
0.09566429591396429
0.09536474358623928
0.09506612902970378
0.09476844931149232
0.09447170150787255
0.09417588270421719
0.09388098999497632
0.0935870204836496
0.09329397128275851
0.09300183951381902
0.09271062230731372
0.09242031680266471
0.09213092014820597
0.09184242950115618
0.09155484202759172
0.09126815490241913
0.09098236530934842
0.0906974704408659
0.09041346749820726
0.09013035369133099
0.08984812623889128
0.08956678236821168
0.08928631931525823
0.08900673432461306
0.08872802464944812
0.08845018755149842
0.08817322030103614
0.08789712017684409
0.08762188446618974
0.08734751046479917
0.08707399547683098
0.08680133681485049
0.08652953179980365
0.08625857776099158
0.08598847203604482
0.08571921197089731
0.08545079491976153
0.08518321824510239
0.08491647931761218
0.08465057551618523
0.08438550422789244
0.0841212628479564
0.083857848779726
0.08359525943465157
0.08333349223225993
0.08307254460012929
0.08281241397386482
0.08255309779707345
0.08229459352133954
0.08203689860620017
0.08178001051912048
0.08152392673546956
0.08126864473849567
0.08101416201930209
0.08076047607682306
0.08050758441779922
0.08025548455675392
0.08000417401596892
0.07975365032546043
0.07950391102295545
0.07925495365386773
0.0790067757712741
0.07875937493589083
0.07851274871604985
0.07826689468767555
0.0780218104342609
0.07777749354684445
0.07753394162398666
0.07729115227174678
0.07704912310365979
0.07680785174071299
0.07656733581132326
0.07632757295131379
0.07608856080389129
0.07585029701962327
0.07561277925641491
0.07537600517948678
0.07513997246135182
0.07490467878179292
0.0746701218278405
0.07443629929374981
0.07420320888097887
0.07397084829816586
0.073739215261107
0.0735083074927345
0.07327812272309418
0.07304865868932367
0.07281991313563027
0.07259188381326905
0.07236456848052115
0.07213796490267177
0.07191207085198865
0.07168688410770031
0.07146240245597438
0.07123862368989635
0.0710155456094478
0.07079316602148525
0.07057148273971865
0.07035049358469014
0.07013019638375304
0.06991058897105037
0.0696916691874942
0.06947343488074421
0.06925588390518699
0.06903901412191517
0.0688228233987064
0.0686073096100029
0.06839247063689041
0.06817830436707778
0.0679648086948764
0.06775198152117952
0.06753982075344207
0.06732832430566002
0.06711749009835008
0.0669073160585297
0.06669780011969653
0.0664889402218085
0.06628073431126363
0.06607318034088001
0.06586627626987603
0.06566002006385015
0.06545440969476139
0.06524944314090932
0.06504511838691443
0.06484143342369855
0.06463838624846507
0.06443597486467963
0.0642341972820504
0.06403305151650882
0.06383253559019024
0.06363264753141451
0.06343338537466688
0.06323474716057866
0.06303673093590817
0.06283933475352181
0.0626425566723747
0.06244639475749216
0.06225084707995046
0.06205591171685814
0.06186158675133728
0.06166787027250463
0.06147476037545313
0.0612822551612331
0.06109035273683382
0.060899051215165055
0.0607083487150385
0.06051824336114955
0.06032873328405881
0.060139816620173925
0.05995149151173142
0.05976375610677838
0.05957660855915451
0.05939004702847401
0.05920406968010753
0.059018674685164425
0.05883386022047459
0.058649624468570964
0.05846596561767143
0.05828288186166133
0.058100371400075734
0.05791843243808178
0.05773706318646122
0.05755626186159283
0.05737602668543492
0.05719635588550816
0.05701724769487797
0.05683870035213744
0.05666071210138999
0.056483281192232136
0.056306405879736586
0.05613008442443487
0.05595431509230058
0.05577909615473221
0.055604425888536306
0.055430302575910674
0.05525672450442741
0.05508368996701629
